AccEff (theory)
1, 0.965187, 0.948441, 0.947762, 0.950144, 0.402613, 0.323037, 0.360788, -0.248949
0.965187, 1, 0.997277, 0.99515, 0.957931, 0.311468, 0.27351, 0.291077, -0.34839
0.948441, 0.997277, 1, 0.997397, 0.948303, 0.271288, 0.258028, 0.256182, -0.385991
0.947762, 0.99515, 0.997397, 1, 0.964873, 0.320961, 0.317498, 0.307349, -0.338817
0.950144, 0.957931, 0.948303, 0.964873, 1, 0.5397, 0.479906, 0.529479, -0.10058
0.402613, 0.311468, 0.271288, 0.320961, 0.5397, 1, 0.77856, 0.894334, 0.683652
0.323037, 0.27351, 0.258028, 0.317498, 0.479906, 0.77856, 1, 0.664001, 0.432985
0.360788, 0.291077, 0.256182, 0.307349, 0.529479, 0.894334, 0.664001, 1, 0.733561
-0.248949, -0.34839, -0.385991, -0.338817, -0.10058, 0.683652, 0.432985, 0.733561, 1
