AccEff (theory)
1, 0.996126, 0.99313, 0.983441, 0.967676, 0.936517, 0.891585, 0.854409, 0.678893
0.996126, 1, 0.992556, 0.983123, 0.965363, 0.927142, 0.874321, 0.83891, 0.716223
0.99313, 0.992556, 1, 0.997625, 0.989471, 0.965463, 0.925954, 0.898118, 0.727423
0.983441, 0.983123, 0.997625, 1, 0.996452, 0.977731, 0.943336, 0.9207, 0.741955
0.967676, 0.965363, 0.989471, 0.996452, 1, 0.991329, 0.965982, 0.949485, 0.745589
0.936517, 0.927142, 0.965463, 0.977731, 0.991329, 1, 0.991227, 0.981494, 0.715895
0.891585, 0.874321, 0.925954, 0.943336, 0.965982, 0.991227, 1, 0.996069, 0.662927
0.854409, 0.83891, 0.898118, 0.9207, 0.949485, 0.981494, 0.996069, 1, 0.673328
0.678893, 0.716223, 0.727423, 0.741955, 0.745589, 0.715895, 0.662927, 0.673328, 1
