AccEff (theory)
1, 0.996816, 0.99707, 0.992854, 0.987915, 0.976367, 0.950425, 0.946892, 0.8236
0.996816, 1, 0.99546, 0.990747, 0.983756, 0.965864, 0.932387, 0.930275, 0.853079
0.99707, 0.99546, 1, 0.998843, 0.996098, 0.985665, 0.961256, 0.959747, 0.832063
0.992854, 0.990747, 0.998843, 1, 0.998753, 0.98998, 0.968226, 0.967572, 0.827078
0.987915, 0.983756, 0.996098, 0.998753, 1, 0.995377, 0.978325, 0.978287, 0.813678
0.976367, 0.965864, 0.985665, 0.98998, 0.995377, 1, 0.993424, 0.99315, 0.77201
0.950425, 0.932387, 0.961256, 0.968226, 0.978325, 0.993424, 1, 0.999392, 0.709818
0.946892, 0.930275, 0.959747, 0.967572, 0.978287, 0.99315, 0.999392, 1, 0.715823
0.8236, 0.853079, 0.832063, 0.827078, 0.813678, 0.77201, 0.709818, 0.715823, 1
