AccEff (theory)
1, 0.962009, 0.961658, 0.998454, 0.998089, 0.997312, 0.992896, 0.966269, 0.179302
0.962009, 1, 0.999392, 0.955458, 0.948606, 0.941194, 0.923749, 0.860429, -0.0284298
0.961658, 0.999392, 1, 0.955232, 0.947978, 0.940142, 0.922752, 0.859032, -0.0370547
0.998454, 0.955458, 0.955232, 1, 0.999522, 0.99695, 0.993844, 0.969815, 0.197905
0.998089, 0.948606, 0.947978, 0.999522, 1, 0.99846, 0.996433, 0.975936, 0.218285
0.997312, 0.941194, 0.940142, 0.99695, 0.99846, 1, 0.998766, 0.98192, 0.234743
0.992896, 0.923749, 0.922752, 0.993844, 0.996433, 0.998766, 1, 0.989925, 0.270265
0.966269, 0.860429, 0.859032, 0.969815, 0.975936, 0.98192, 0.989925, 1, 0.372263
0.179302, -0.0284298, -0.0370547, 0.197905, 0.218285, 0.234743, 0.270265, 0.372263, 1
