AccEff (theory)
1, 0.999335, 0.999525, 0.997705, 0.997391, -0.0668588, 0.016063, -0.883931
0.999335, 1, 0.999812, 0.997861, 0.995092, -0.0688359, 0.0122577, -0.876948
0.999525, 0.999812, 1, 0.99861, 0.99608, -0.0610348, 0.0257327, -0.875347
0.997705, 0.997861, 0.99861, 1, 0.993628, -0.0444561, 0.0603953, -0.860661
0.997391, 0.995092, 0.99608, 0.993628, 1, -0.0628533, 0.0277406, -0.893614
-0.0668588, -0.0688359, -0.0610348, -0.0444561, -0.0628533, 1, 0.804797, 0.284421
0.016063, 0.0122577, 0.0257327, 0.0603953, 0.0277406, 0.804797, 1, 0.251723
-0.883931, -0.876948, -0.875347, -0.860661, -0.893614, 0.284421, 0.251723, 1
