AccEff (theory)
1, 0.932757, 0.919813, 0.90388, 0.816095, 0.403028, 0.340275, 0.356588, -0.232232
0.932757, 1, 0.997545, 0.99468, 0.936295, 0.373414, 0.2844, 0.297924, -0.365805
0.919813, 0.997545, 1, 0.996177, 0.926721, 0.336442, 0.270844, 0.26575, -0.400108
0.90388, 0.99468, 0.996177, 1, 0.95334, 0.391335, 0.325921, 0.31631, -0.356214
0.816095, 0.936295, 0.926721, 0.95334, 1, 0.591313, 0.448718, 0.503807, -0.148463
0.403028, 0.373414, 0.336442, 0.391335, 0.591313, 1, 0.76624, 0.888323, 0.615486
0.340275, 0.2844, 0.270844, 0.325921, 0.448718, 0.76624, 1, 0.66787, 0.423
0.356588, 0.297924, 0.26575, 0.31631, 0.503807, 0.888323, 0.66787, 1, 0.718339
-0.232232, -0.365805, -0.400108, -0.356214, -0.148463, 0.615486, 0.423, 0.718339, 1
