Eff (theory)
1, 0.271269, 0.128843, 0.14005, 0.165277, 0.0881014, -0.0688516, -0.151754, -0.0549675, -0.060686, -0.188099, -0.163712, -0.135246, -0.0744213, -0.123017, -0.361549, -0.343704, -0.330964, -0.342462, -0.286367, -0.257578, -0.491756, -0.487362, -0.463913, -0.38148
0.271269, 1, 0.970136, 0.973827, 0.984502, 0.94399, 0.830014, 0.804734, -0.691872, -0.311673, -0.219321, -0.184603, -0.148161, -0.282023, 0.045528, 0.0301877, 0.0103055, 0.00688335, 0.180935, -0.108091, -0.006761, -0.0294667, -0.0272973, -0.251963, 0.261276
0.128843, 0.970136, 1, 0.995195, 0.991729, 0.947976, 0.859484, 0.883913, -0.668593, -0.26141, -0.0824709, -0.0965415, -0.0542651, -0.320921, 0.0912463, 0.110028, 0.041362, 0.0114604, 0.20031, -0.140353, -0.0388508, 0.0280986, 0.0807458, -0.184608, 0.439419
0.14005, 0.973827, 0.995195, 1, 0.992316, 0.942996, 0.859057, 0.876847, -0.677301, -0.305729, -0.136921, -0.152772, -0.108551, -0.352963, 0.0613844, 0.0857328, 0.0432316, 0.0135425, 0.199679, -0.145411, -0.0408789, 0.00477151, 0.0825371, -0.229583, 0.412748
0.165277, 0.984502, 0.991729, 0.992316, 1, 0.967607, 0.857249, 0.864915, -0.685293, -0.256911, -0.134994, -0.114416, -0.0824401, -0.274013, 0.0845632, 0.0902849, 0.0352859, 0.0142888, 0.204827, -0.110634, -0.017766, 0.0167135, 0.0348324, -0.185919, 0.384241
0.0881014, 0.94399, 0.947976, 0.942996, 0.967607, 1, 0.89587, 0.893202, -0.738874, -0.181, -0.100213, 0.003869, 0.0156853, -0.0994929, 0.166609, 0.197532, 0.135372, 0.128866, 0.326278, 0.0518511, 0.125609, 0.157138, 0.0817666, 0.0186754, 0.390882
-0.0688516, 0.830014, 0.859484, 0.859057, 0.857249, 0.89587, 1, 0.952484, -0.660668, -0.210496, -0.0203767, 0.0602908, 0.109668, -0.0601512, 0.40731, 0.508584, 0.509053, 0.490672, 0.648211, 0.33597, 0.443484, 0.481069, 0.482681, 0.194923, 0.403779
-0.151754, 0.804734, 0.883913, 0.876847, 0.864915, 0.893202, 0.952484, 1, -0.582748, -0.0842381, 0.143925, 0.172933, 0.222738, -0.0739283, 0.37165, 0.481573, 0.390618, 0.336895, 0.516456, 0.177875, 0.271621, 0.390118, 0.454773, 0.188001, 0.62257
-0.0549675, -0.691872, -0.668593, -0.677301, -0.685293, -0.738874, -0.660668, -0.582748, 1, 0.632232, 0.525384, 0.386638, 0.387714, 0.358438, 0.252645, 0.0975333, -0.0546063, -0.132192, -0.26431, -0.0415622, -0.1345, -0.063426, 0.0388756, 0.0890037, 0.0382299
-0.060686, -0.311673, -0.26141, -0.305729, -0.256911, -0.181, -0.210496, -0.0842381, 0.632232, 1, 0.838226, 0.880668, 0.838054, 0.778288, 0.502926, 0.391066, 0.0213652, -0.0599392, -0.0639347, 0.101111, 0.0130881, 0.144625, 0.0409479, 0.486343, 0.321308
-0.188099, -0.219321, -0.0824709, -0.136921, -0.134994, -0.100213, -0.0203767, 0.143925, 0.525384, 0.838226, 1, 0.914709, 0.933658, 0.508956, 0.586706, 0.539714, 0.141998, 0.0269884, 0.0395791, 0.0329961, 0.0110708, 0.274653, 0.3166, 0.473395, 0.570901
-0.163712, -0.184603, -0.0965415, -0.152772, -0.114416, 0.003869, 0.0602908, 0.172933, 0.386638, 0.880668, 0.914709, 1, 0.984, 0.75808, 0.686276, 0.632585, 0.266049, 0.190961, 0.214282, 0.28892, 0.242601, 0.422255, 0.294328, 0.69096, 0.447
-0.135246, -0.148161, -0.0542651, -0.108551, -0.0824401, 0.0156853, 0.109668, 0.222738, 0.387714, 0.838054, 0.933658, 0.984, 1, 0.699592, 0.727987, 0.667913, 0.311702, 0.225872, 0.246132, 0.283186, 0.256848, 0.441157, 0.367194, 0.649253, 0.487975
-0.0744213, -0.282023, -0.320921, -0.352963, -0.274013, -0.0994929, -0.0601512, -0.0739283, 0.358438, 0.778288, 0.508956, 0.75808, 0.699592, 1, 0.592781, 0.526963, 0.343555, 0.344389, 0.31892, 0.574608, 0.485694, 0.462466, 0.144602, 0.743853, 0.0303724
-0.123017, 0.045528, 0.0912463, 0.0613844, 0.0845632, 0.166609, 0.40731, 0.37165, 0.252645, 0.502926, 0.586706, 0.686276, 0.727987, 0.592781, 1, 0.899065, 0.76411, 0.694361, 0.710315, 0.697619, 0.683132, 0.769902, 0.686323, 0.687137, 0.393052
-0.361549, 0.0301877, 0.110028, 0.0857328, 0.0902849, 0.197532, 0.508584, 0.481573, 0.0975333, 0.391066, 0.539714, 0.632585, 0.667913, 0.526963, 0.899065, 1, 0.881404, 0.821428, 0.842162, 0.7619, 0.786497, 0.896292, 0.857426, 0.75788, 0.413413
-0.343704, 0.0103055, 0.041362, 0.0432316, 0.0352859, 0.135372, 0.509053, 0.390618, -0.0546063, 0.0213652, 0.141998, 0.266049, 0.311702, 0.343555, 0.76411, 0.881404, 1, 0.984223, 0.970006, 0.897917, 0.934982, 0.928411, 0.907539, 0.659009, 0.168823
-0.330964, 0.00688335, 0.0114604, 0.0135425, 0.0142888, 0.128866, 0.490672, 0.336895, -0.132192, -0.0599392, 0.0269884, 0.190961, 0.225872, 0.344389, 0.694361, 0.821428, 0.984223, 1, 0.976105, 0.936069, 0.973618, 0.926415, 0.843004, 0.659603, 0.0363861
-0.342462, 0.180935, 0.20031, 0.199679, 0.204827, 0.326278, 0.648211, 0.516456, -0.26431, -0.0639347, 0.0395791, 0.214282, 0.246132, 0.31892, 0.710315, 0.842162, 0.970006, 0.976105, 1, 0.901947, 0.944577, 0.92777, 0.837672, 0.663006, 0.167174
-0.286367, -0.108091, -0.140353, -0.145411, -0.110634, 0.0518511, 0.33597, 0.177875, -0.0415622, 0.101111, 0.0329961, 0.28892, 0.283186, 0.574608, 0.697619, 0.7619, 0.897917, 0.936069, 0.901947, 1, 0.976019, 0.893079, 0.660158, 0.780077, -0.052156
-0.257578, -0.006761, -0.0388508, -0.0408789, -0.017766, 0.125609, 0.443484, 0.271621, -0.1345, 0.0130881, 0.0110708, 0.242601, 0.256848, 0.485694, 0.683132, 0.786497, 0.934982, 0.973618, 0.944577, 0.976019, 1, 0.905423, 0.7233, 0.707463, -0.0699401
-0.491756, -0.0294667, 0.0280986, 0.00477151, 0.0167135, 0.157138, 0.481069, 0.390118, -0.063426, 0.144625, 0.274653, 0.422255, 0.441157, 0.462466, 0.769902, 0.896292, 0.928411, 0.926415, 0.92777, 0.893079, 0.905423, 1, 0.829915, 0.825093, 0.243142
-0.487362, -0.0272973, 0.0807458, 0.0825371, 0.0348324, 0.0817666, 0.482681, 0.454773, 0.0388756, 0.0409479, 0.3166, 0.294328, 0.367194, 0.144602, 0.686323, 0.857426, 0.907539, 0.843004, 0.837672, 0.660158, 0.7233, 0.829915, 1, 0.538037, 0.397568
-0.463913, -0.251963, -0.184608, -0.229583, -0.185919, 0.0186754, 0.194923, 0.188001, 0.0890037, 0.486343, 0.473395, 0.69096, 0.649253, 0.743853, 0.687137, 0.75788, 0.659009, 0.659603, 0.663006, 0.780077, 0.707463, 0.825093, 0.538037, 1, 0.294518
-0.38148, 0.261276, 0.439419, 0.412748, 0.384241, 0.390882, 0.403779, 0.62257, 0.0382299, 0.321308, 0.570901, 0.447, 0.487975, 0.0303724, 0.393052, 0.413413, 0.168823, 0.0363861, 0.167174, -0.052156, -0.0699401, 0.243142, 0.397568, 0.294518, 1
