Eff (theory)
1, 0.946028, 0.932489, 0.93361, 0.923452, 0.580035, 0.905758, 0.933241, 0.935364
0.946028, 1, 0.932641, 0.953326, 0.929144, 0.677679, 0.938325, 0.944905, 0.911533
0.932489, 0.932641, 1, 0.977605, 0.952184, 0.779982, 0.973328, 0.993648, 0.972629
0.93361, 0.953326, 0.977605, 1, 0.984233, 0.814624, 0.994236, 0.985909, 0.925686
0.923452, 0.929144, 0.952184, 0.984233, 1, 0.814725, 0.980765, 0.961705, 0.880171
0.580035, 0.677679, 0.779982, 0.814624, 0.814725, 1, 0.858665, 0.801987, 0.642184
0.905758, 0.938325, 0.973328, 0.994236, 0.980765, 0.858665, 1, 0.985661, 0.910572
0.933241, 0.944905, 0.993648, 0.985909, 0.961705, 0.801987, 0.985661, 1, 0.963242
0.935364, 0.911533, 0.972629, 0.925686, 0.880171, 0.642184, 0.910572, 0.963242, 1
