Eff (theory)
1, 0.704638, 0.630358, 0.754733, 0.661738, 0.378566, -0.0363271, 0.496431, 0.140738
0.704638, 1, 0.970528, 0.974564, 0.986714, 0.612728, -0.0543731, 0.724021, 0.121048
0.630358, 0.970528, 1, 0.941609, 0.989953, 0.727399, 0.0376004, 0.80974, 0.0379253
0.754733, 0.974564, 0.941609, 1, 0.956874, 0.556831, 0.0357966, 0.768727, 0.120289
0.661738, 0.986714, 0.989953, 0.956874, 1, 0.691053, -0.0501714, 0.758006, 0.0704456
0.378566, 0.612728, 0.727399, 0.556831, 0.691053, 1, 0.108864, 0.720859, 0.0636514
-0.0363271, -0.0543731, 0.0376004, 0.0357966, -0.0501714, 0.108864, 1, 0.513244, -0.402121
0.496431, 0.724021, 0.80974, 0.768727, 0.758006, 0.720859, 0.513244, 1, -0.111215
0.140738, 0.121048, 0.0379253, 0.120289, 0.0704456, 0.0636514, -0.402121, -0.111215, 1
