Eff (theory)
1, 0.704638, 0.630358, 0.754733, 0.661738, 0.378566, -0.0363271, 0.450111
0.704638, 1, 0.970528, 0.974564, 0.986714, 0.612728, -0.0543731, 0.628482
0.630358, 0.970528, 1, 0.941609, 0.989953, 0.727399, 0.0376004, 0.735219
0.754733, 0.974564, 0.941609, 1, 0.956874, 0.556831, 0.0357966, 0.661439
0.661738, 0.986714, 0.989953, 0.956874, 1, 0.691053, -0.0501714, 0.668821
0.378566, 0.612728, 0.727399, 0.556831, 0.691053, 1, 0.108864, 0.788562
-0.0363271, -0.0543731, 0.0376004, 0.0357966, -0.0501714, 0.108864, 1, 0.538858
0.450111, 0.628482, 0.735219, 0.661439, 0.668821, 0.788562, 0.538858, 1
