Eff (theory)
1, 0.999338, 0.994813, 0.998659, 0.999848, 0.97905, 0.342509, -0.276161, -0.352525
0.999338, 1, 0.996488, 0.999088, 0.999287, 0.981441, 0.341701, -0.257853, -0.34969
0.994813, 0.996488, 1, 0.997806, 0.994901, 0.989875, 0.34282, -0.193489, -0.343112
0.998659, 0.999088, 0.997806, 1, 0.998419, 0.98267, 0.343795, -0.239656, -0.34002
0.999848, 0.999287, 0.994901, 0.998419, 1, 0.979251, 0.345997, -0.273165, -0.360885
0.97905, 0.981441, 0.989875, 0.98267, 0.979251, 1, 0.319413, -0.144082, -0.315832
0.342509, 0.341701, 0.34282, 0.343795, 0.345997, 0.319413, 1, 0.366, -0.465664
-0.276161, -0.257853, -0.193489, -0.239656, -0.273165, -0.144082, 0.366, 1, 0.0284076
-0.352525, -0.34969, -0.343112, -0.34002, -0.360885, -0.315832, -0.465664, 0.0284076, 1
