Eff (theory)
1, 0.887694, 0.732138, 0.571866, 0.556783, 0.237881, 0.136934, 0.0762584, 0.209827
0.887694, 1, 0.545634, 0.70815, 0.380155, 0.160732, 0.032225, -0.0300623, 0.053897
0.732138, 0.545634, 1, 0.43231, 0.849978, 0.785833, 0.714719, 0.677537, 0.795554
0.571866, 0.70815, 0.43231, 1, 0.501087, 0.288748, 0.262883, 0.196372, 0.216458
0.556783, 0.380155, 0.849978, 0.501087, 1, 0.797087, 0.816858, 0.788121, 0.839813
0.237881, 0.160732, 0.785833, 0.288748, 0.797087, 1, 0.973267, 0.963412, 0.961115
0.136934, 0.032225, 0.714719, 0.262883, 0.816858, 0.973267, 1, 0.987972, 0.969579
0.0762584, -0.0300623, 0.677537, 0.196372, 0.788121, 0.963412, 0.987972, 1, 0.971595
0.209827, 0.053897, 0.795554, 0.216458, 0.839813, 0.961115, 0.969579, 0.971595, 1
