MomCorr
1, 0.998579, 1, 1.57242e-88, 0.0019794, 0.998645, 3.83354e-20, 5.32165e-09, 1
0.998579, 1, 0.998579, 1.57019e-88, 0.0019746, 0.996599, 3.82674e-20, 5.30984e-09, 0.998579
1, 0.998579, 1, 1.57242e-88, 0.0019794, 0.998645, 3.83354e-20, 5.32165e-09, 1
1.57242e-88, 1.57019e-88, 1.57242e-88, 1, 0.707105, 1.57029e-88, 0.57735, -0.707107, 1.57242e-88
0.0019794, 0.0019746, 0.0019794, 0.707105, 1, 0.0019776, 0.326598, -0.499999, 0.0019794
0.998645, 0.996599, 0.998645, 1.57029e-88, 0.0019776, 1, 3.83153e-20, 5.31744e-09, 0.998645
3.83354e-20, 3.82674e-20, 3.83354e-20, 0.57735, 0.326598, 3.83153e-20, 1, -0.326599, 3.83354e-20
5.32165e-09, 5.30984e-09, 5.32165e-09, -0.707107, -0.499999, 5.31744e-09, -0.326599, 1, 5.32165e-09
1, 0.998579, 1, 1.57242e-88, 0.0019794, 0.998645, 3.83354e-20, 5.32165e-09, 1
