MomCorr
1, 0, 0, 0, 0, 0, 0, 0, 0
0, 1, 0, 0, -0.000449797, -0.226134, -4.04866e-21, -1.36014e-09, 0
0, 0, 1, 0, 0, 0, 0, 0, 0
0, 0, 0, 1, 0.707105, 0, 0.57735, -0.707107, 0
0, -0.000449797, 0, 0.707105, 1, 0.000203428, 0.326598, -0.499999, 0
0, -0.226134, 0, 0, 0.000203428, 1, 9.76574e-21, 9.84231e-10, 0
0, -4.04866e-21, 0, 0.57735, 0.326598, 9.76574e-21, 1, -0.326599, 0
0, -1.36014e-09, 0, -0.707107, -0.499999, 9.84231e-10, -0.326599, 1, 0
0, 0, 0, 0, 0, 0, 0, 0, 1
