MomCorr
1, 0.27831, 3.75963e-73, 1.00444e-08, 0.70469, 0.702676, 0.697326, 0.705377
0.27831, 1, -0.133333, 0.244949, 0.664204, 0.661483, 0.656562, 0.664619
3.75963e-73, -0.133333, 1, -0.653197, 5.3146e-73, 5.31143e-73, 5.26544e-73, 5.32301e-73
1.00444e-08, 0.244949, -0.653197, 1, 1.42488e-08, 1.42085e-08, 1.41128e-08, 1.42634e-08
0.70469, 0.664204, 5.3146e-73, 1.42488e-08, 1, 0.991361, 0.987345, 0.99946
0.702676, 0.661483, 5.31143e-73, 1.42085e-08, 0.991361, 1, 0.978694, 0.995039
0.697326, 0.656562, 5.26544e-73, 1.41128e-08, 0.987345, 0.978694, 1, 0.987878
0.705377, 0.664619, 5.32301e-73, 1.42634e-08, 0.99946, 0.995039, 0.987878, 1
