MomCorr
1, -0.542755, 1.52733e-74, -1.77026e-09, -0.132314, 0.114411, 0, 0, 0
-0.542755, 1, -0.133333, 0.244949, -0.0214497, 0.0206082, 0, 0, 0
1.52733e-74, -0.133333, 1, -0.653197, -4.16839e-74, 3.69679e-74, 0, 0, 0
-1.77026e-09, 0.244949, -0.653197, 1, -1.54852e-09, 1.19022e-09, 0, 0, 0
-0.132314, -0.0214497, -4.16839e-74, -1.54852e-09, 1, -0.960769, 0, 0, 0
0.114411, 0.0206082, 3.69679e-74, 1.19022e-09, -0.960769, 1, 0, 0, 0
0, 0, 0, 0, 0, 0, 1, 0, 0
0, 0, 0, 0, 0, 0, 0, 1, 0
0, 0, 0, 0, 0, 0, 0, 0, 1
