TnP (total)
1, 0.44874, 0.418075, 0.39831, 0.389169, 0.345993, 0.236177, 0.0744846
0.44874, 1, 0.511224, 0.516138, 0.509712, 0.416217, 0.312274, 0.089913
0.418075, 0.511224, 1, 0.515013, 0.509243, 0.412687, 0.314184, 0.0914915
0.39831, 0.516138, 0.515013, 1, 0.52429, 0.42013, 0.324919, 0.0953211
0.389169, 0.509712, 0.509243, 0.52429, 1, 0.415703, 0.323671, 0.0967365
0.345993, 0.416217, 0.412687, 0.42013, 0.415703, 1, 0.273064, 0.101648
0.236177, 0.312274, 0.314184, 0.324919, 0.323671, 0.273064, 1, 0.166499
0.0744846, 0.089913, 0.0914915, 0.0953211, 0.0967365, 0.101648, 0.166499, 1
