TnP (total)
1, 0.44874, 0.418075, 0.39831, 0.389169, 0.345993, 0.236177, 0.0777836, -0.0453315
0.44874, 1, 0.511224, 0.516138, 0.509712, 0.416217, 0.312274, 0.0931155, -0.0431093
0.418075, 0.511224, 1, 0.515013, 0.509243, 0.412687, 0.314184, 0.0946126, -0.04217
0.39831, 0.516138, 0.515013, 1, 0.52429, 0.42013, 0.324919, 0.0984051, -0.0385944
0.389169, 0.509712, 0.509243, 0.52429, 1, 0.415703, 0.323671, 0.0997506, -0.0375132
0.345993, 0.416217, 0.412687, 0.42013, 0.415703, 1, 0.273064, 0.104389, -0.020392
0.236177, 0.312274, 0.314184, 0.324919, 0.323671, 0.273064, 1, 0.168277, 0.0712223
0.0777836, 0.0931155, 0.0946126, 0.0984051, 0.0997506, 0.104389, 0.168277, 1, 0.259672
-0.0453315, -0.0431093, -0.04217, -0.0385944, -0.0375132, -0.020392, 0.0712223, 0.259672, 1
