TnP (total)
1, 0.479623, 0.476492, 0.481123, 0.479882, 0.479061, 0.466155, 0.447508, 0.440929
0.479623, 1, 0.478284, 0.483058, 0.482375, 0.482536, 0.470251, 0.452386, 0.445324
0.476492, 0.478284, 1, 0.481911, 0.482507, 0.485524, 0.474715, 0.458891, 0.45118
0.481123, 0.483058, 0.481911, 1, 0.489864, 0.495582, 0.485907, 0.471627, 0.463463
0.479882, 0.482375, 0.482507, 0.489864, 1, 0.504142, 0.496816, 0.485673, 0.476715
0.479061, 0.482536, 0.485524, 0.495582, 0.504142, 1, 0.523217, 0.51911, 0.508555
0.466155, 0.470251, 0.474715, 0.485907, 0.496816, 0.523217, 1, 0.523899, 0.512735
0.447508, 0.452386, 0.458891, 0.471627, 0.485673, 0.51911, 0.523899, 1, 0.517236
0.440929, 0.445324, 0.45118, 0.463463, 0.476715, 0.508555, 0.512735, 0.517236, 1
